[Variables]
ercf_calib_0 = 1.0
ercf_calib_1 = 0.998551587999
ercf_calib_2 = 1.00323962362
ercf_calib_3 = 1.00167206171
ercf_calib_4 = 1.00010939079
ercf_calib_5 = 0.998551587999
ercf_calib_6 = 1.00010939079
ercf_calib_7 = 1.00089011631
ercf_calib_8 = 1.00402524588
ercf_calib_clog_length = 6.0
ercf_calib_ref = 1012.8
ercf_calib_version = 3
exhaustusetime = 7020
filament_used = 1391054.49898
filterusetime = 240232
lastservicetime = 240232
totalprintingtime = 798222

